  3 28 28 37.43 41.28 42.82 21984 0.00 0.00 0.00     0 37.01 41.02 42.67 11354     0 1.115
  3 28 28 37.43 41.28 42.82 21984 0.00 0.00 0.00     0 37.01 41.02 42.67 11354     0 1.208
  3 28 28 37.43 41.28 42.82 21984 0.00 0.00 0.00     0 37.01 41.02 42.67 11354     0 1.300
  3 28 28 37.43 41.28 42.82 21984 0.00 0.00 0.00     0 37.01 41.02 42.67 11354     0 1.164
  3 28 28 37.43 41.28 42.82 21984 0.00 0.00 0.00     0 37.01 41.02 42.67 11354     0 1.402
  3 28 28 37.43 41.28 42.82 21984 0.00 0.00 0.00     0 37.01 41.02 42.67 11354     0 1.183
  3 28 28 37.43 41.28 42.82 21984 0.00 0.00 0.00     0 37.01 41.02 42.67 11354     0 1.215
  3 28 28 37.43 41.28 42.82 21984 0.00 0.00 0.00     0 37.01 41.02 42.67 11354     0 1.161
  3 28 28 37.43 41.28 42.82 21984 0.00 0.00 0.00     0 37.01 41.02 42.67 11354     0 1.168
  3 28 28 37.43 41.28 42.82 21984 0.00 0.00 0.00     0 37.01 41.02 42.67 11354     0 1.164
  3 28 28 37.43 41.28 42.82 21984 0.00 0.00 0.00     0 37.01 41.02 42.67 11354     0 1.118
  3 28 28 37.43 41.28 42.82 21984 0.00 0.00 0.00     0 37.01 41.02 42.67 11354     0 1.133
  3 28 28 37.43 41.28 42.82 21984 0.00 0.00 0.00     0 37.01 41.02 42.67 11354     0 1.282
  3 28 28 37.43 41.28 42.82 21984 0.00 0.00 0.00     0 37.01 41.02 42.67 11354     0 1.171
  3 28 28 37.43 41.28 42.82 21984 0.00 0.00 0.00     0 37.01 41.02 42.67 11354     0 1.177
  3 28 28 37.43 41.28 42.82 21984 0.00 0.00 0.00     0 37.01 41.02 42.67 11354     0 1.171
  3 28 28 37.43 41.28 42.82 22128 0.00 0.00 0.00     0 36.79 40.52 41.98 21080     0 1.398
  3 28 28 37.43 41.28 42.82 21984 0.00 0.00 0.00     0 37.01 41.02 42.67 11354     0 1.191
  3 28 28 37.43 41.28 42.82 22128 0.00 0.00 0.00     0 36.79 40.52 41.98 21080     0 1.403
  3 28 28 92.17 86.15 86.15 306464 0.00 0.00 0.00     0 57.02 59.51 59.61 106037     0 1.110
  3 28 28 37.43 41.28 42.82 21984 0.00 0.00 0.00     0 37.01 41.02 42.67 11354     0 1.147
  3 28 28 37.43 41.28 42.82 21984 0.00 0.00 0.00     0 37.01 41.02 42.67 11354     0 1.161
  3 28 28 37.43 41.28 42.82 21984 0.00 0.00 0.00     0 37.01 41.02 42.67 11354     0 1.160
  3 28 28 37.43 41.28 42.82 21984 0.00 0.00 0.00     0 37.01 41.02 42.67 11354     0 1.182
  3 28 28 37.43 41.28 42.82 21984 0.00 0.00 0.00     0 37.01 41.02 42.67 11354     0 1.169
  3 28 28 92.17 86.15 86.15 306464 0.00 0.00 0.00     0 57.02 59.51 59.61 106037     0 1.123
  3 28 28 37.43 41.28 42.82 21984 0.00 0.00 0.00     0 37.01 41.02 42.67 11354     0 1.106
  3 28 28 37.43 41.28 42.82 21984 0.00 0.00 0.00     0 37.01 41.02 42.67 11354     0 1.114
  3 28 28 37.43 41.28 42.82 21984 0.00 0.00 0.00     0 37.01 41.02 42.67 11354     0 1.118
  3 28 28 37.43 41.28 42.82 21984 0.00 0.00 0.00     0 37.01 41.02 42.67 11354     0 1.146
  3 28 28 37.43 41.28 42.82 21984 0.00 0.00 0.00     0 37.01 41.02 42.67 11354     0 1.121
  3 28 28 37.43 41.28 42.82 21984 0.00 0.00 0.00     0 37.01 41.02 42.67 11354     0 1.137
  3 28 28 37.43 41.28 42.82 21984 0.00 0.00 0.00     0 37.01 41.02 42.67 11354     0 1.085
  3 28 28 37.43 41.28 42.82 21984 0.00 0.00 0.00     0 37.01 41.02 42.67 11354     0 1.110
  3 28 28 37.43 41.28 42.82 21984 0.00 0.00 0.00     0 37.01 41.02 42.67 11354     0 1.086
  3 28 28 37.43 41.28 42.82 21984 0.00 0.00 0.00     0 37.01 41.02 42.67 11354     0 1.083
  3 28 28 92.17 86.15 86.15 306464 0.00 0.00 0.00     0 57.02 59.51 59.61 106037     0 1.044
  3 28 28 92.17 86.15 86.15 306464 0.00 0.00 0.00     0 57.02 59.51 59.61 106037     0 1.027
  3 28 28 37.43 41.28 42.82 21984 0.00 0.00 0.00     0 37.01 41.02 42.67 11354     0 1.087
  3 28 28 37.43 41.28 42.82 21984 0.00 0.00 0.00     0 37.01 41.02 42.67 11354     0 1.090
  3 28 28 37.43 41.28 42.82 21984 0.00 0.00 0.00     0 37.01 41.02 42.67 11354     0 1.082
  3 28 28 37.43 41.28 42.82 21984 0.00 0.00 0.00     0 37.01 41.02 42.67 11354     0 1.083
  3 28 28 37.43 41.28 42.82 21984 0.00 0.00 0.00     0 37.01 41.02 42.67 11354     0 1.140
  3 28 28 37.43 41.28 42.82 21984 0.00 0.00 0.00     0 37.01 41.02 42.67 11354     0 1.085
  3 28 28 37.43 41.28 42.82 21912 0.00 0.00 0.00     0 37.01 41.05 42.62 11317     0 1.177
  3 28 28 37.43 41.28 42.82 21912 0.00 0.00 0.00     0 37.01 41.05 42.62 11317     0 1.183
  3 28 28 37.43 41.28 42.82 22056 0.00 0.00 0.00     0 37.02 41.03 42.63 11405     0 1.158
  3 28 28 37.44 41.28 42.82 22016 0.00 0.00 0.00     0 37.04 41.03 42.58 11386     0 1.148
  3 28 28 37.43 41.28 42.82 21936 0.00 0.00 0.00     0 37.02 41.02 42.62 11333     0 1.098
  3 28 28 37.43 41.28 42.82 21936 0.00 0.00 0.00     0 37.02 41.02 42.62 11333     0 1.115
  3 28 28 36.96 41.28 42.82 31024 0.00 0.00 0.00     0 36.82 41.08 42.72 14586     0 1.109
  3 28 28 37.29 41.28 42.82 27992 0.00 0.00 0.00     0 36.96 41.09 42.68 13477     0 1.609
  3 28 28 37.40 41.28 42.82 23944 0.00 0.00 0.00     0 36.98 41.06 42.64 11968     0 1.145
  3 28 28 37.44 41.28 42.82 19736 0.00 0.00 0.00     0 36.98 41.09 42.43 10466     0 1.176
  3 28 28 37.43 41.28 42.82 21984 0.00 0.00 0.00     0 37.01 41.02 42.67 11354     0 1.239
  3 28 28 37.43 41.28 42.82 21984 0.00 0.00 0.00     0 37.01 41.02 42.67 11354     0 1.143
  3 28 28 37.43 41.28 42.82 21984 0.00 0.00 0.00     0 37.01 41.02 42.67 11354     0 1.244
  3 28 28 37.43 41.28 42.82 21984 0.00 0.00 0.00     0 37.01 41.02 42.67 11354     0 1.207
  3 28 28 37.43 41.28 42.82 21984 0.00 0.00 0.00     0 37.01 41.02 42.67 11354     0 1.289
  3 28 28 37.43 41.28 42.82 21984 0.00 0.00 0.00     0 37.01 41.02 42.67 11354     0 1.244
  3 28 28 37.43 41.28 42.82 21984 0.00 0.00 0.00     0 37.01 41.02 42.67 11354     0 1.242
  3 28 28 37.43 41.28 42.82 21984 0.00 0.00 0.00     0 37.01 41.02 42.67 11354     0 1.067
  3 28 28 37.43 41.28 42.82 21984 0.00 0.00 0.00     0 37.01 41.02 42.67 11354     0 1.842
  3 28 28 37.43 41.28 42.82 21984 0.00 0.00 0.00     0 37.01 41.02 42.67 11354     0 1.249
  3 28 28 37.43 41.28 42.82 21984 0.00 0.00 0.00     0 37.01 41.02 42.67 11354     0 1.276
  3 28 28 37.43 41.28 42.82 21984 0.00 0.00 0.00     0 37.01 41.02 42.67 11354     0 1.246
  3 28 28 43.47 49.42 50.62 20752 0.00 0.00 0.00     0 41.53 49.14 50.06  9018     0 1.164
 24 28 28 43.47 49.42 50.62 20760 0.00 0.00 0.00     0 39.15 46.35 46.67  4864     0 5.171
  3 28 28 37.43 41.28 42.82 22064 0.00 0.00 0.00     0 37.01 41.02 42.67 11381     0 1.070
  3 28 28 37.43 41.28 42.82 22064 0.00 0.00 0.00     0 37.01 41.02 42.67 11381     0 1.067
 24 28 28 39.83 46.37 46.80 170888 0.00 0.00 0.00     0 38.99 46.20 46.65 16034     0 1.093
 24 28 28 39.83 46.37 46.80 170888 0.00 0.00 0.00     0 38.99 46.20 46.65 16034     0 1.139
 24 28 28 39.83 46.37 46.80 170888 0.00 0.00 0.00     0 38.99 46.20 46.65 16034     0 1.137
 24 28 28 39.83 46.37 46.80 170888 0.00 0.00 0.00     0 38.99 46.20 46.65 16034     0 1.156
 24 28 28 39.83 46.37 46.80 170888 0.00 0.00 0.00     0 38.99 46.20 46.65 16034     0 1.158
 24 28 28 39.83 46.37 46.80 170888 0.00 0.00 0.00     0 38.99 46.20 46.65 16034     0 1.153
  5 28 28 39.99 47.30 47.29 100504 0.00 0.00 0.00     0 39.99 47.30 47.29 36033     0 0.075
  5 28 28 39.99 47.30 47.29 100504 0.00 0.00 0.00     0 39.99 47.30 47.29 36033     0 0.066
  5 28 28 39.99 47.30 47.29 100504 0.00 0.00 0.00     0 39.99 47.30 47.29 36033     0 0.090
  5 28 28 39.99 47.30 47.29 100504 0.00 0.00 0.00     0 39.99 47.30 47.29 36033     0 0.077
  5 28 28 39.99 47.30 47.29 100504 0.00 0.00 0.00     0 39.99 47.30 47.29 36033     0 0.068
  5 28 28 43.47 49.42 50.62 20840 0.00 0.00 0.00     0 41.11 48.73 49.48  6969     0 2.525
  5 28 28 39.99 47.30 47.29 100504 0.00 0.00 0.00     0 39.99 47.30 47.29 36033     0 0.071
  5 28 28 39.99 47.30 47.29 100504 0.00 0.00 0.00     0 39.99 47.30 47.29 36033     0 0.061
  5 28 28 43.47 49.42 50.62 20840 0.00 0.00 0.00     0 41.11 48.73 49.48  6969     0 2.027
  5 28 28 43.47 49.42 50.62 21192 0.00 0.00 0.00     0 41.11 48.73 49.48  7041     0 2.483
  5 28 28 43.47 49.42 50.62 20840 0.00 0.00 0.00     0 41.11 48.73 49.48  6969     0 2.312
  5 28 28 43.47 49.42 50.62 20840 0.00 0.00 0.00     0 41.11 48.73 49.48  6969     0 2.182
  5 28 28 43.47 49.42 50.62 20840 0.00 0.00 0.00     0 41.11 48.73 49.48  6969     0 2.557
  5 28 28 43.47 49.42 50.62 20840 0.00 0.00 0.00     0 41.11 48.73 49.48  6969     0 2.448
  5 28 28 43.47 49.42 50.62 21192 0.00 0.00 0.00     0 41.11 48.73 49.48  7041     0 2.437
  5 28 28 43.47 49.42 50.62 20840 0.00 0.00 0.00     0 41.11 48.73 49.48  6969     0 2.441
  5 28 28 43.47 49.42 50.62 20824 0.00 0.00 0.00     0 41.11 48.73 49.48  6966     0 2.638
  5 28 28 43.47 49.42 50.62 20824 0.00 0.00 0.00     0 41.11 48.73 49.48  6966     0 2.390
  5 28 28 43.47 49.42 50.62 20840 0.00 0.00 0.00     0 41.11 48.73 49.48  6969     0 2.438
  5 28 28 43.47 49.42 50.62 20840 0.00 0.00 0.00     0 41.11 48.73 49.48  6969     0 2.416
  5 28 28 43.47 49.42 50.62 20824 0.00 0.00 0.00     0 41.11 48.73 49.48  6966     0 2.448
  5 28 28 43.47 49.42 50.62 20824 0.00 0.00 0.00     0 41.11 48.73 49.48  6966     0 2.532
  5 28 28 43.47 49.42 50.62 21616 0.00 0.00 0.00     0 41.11 48.73 49.48  7108     0 2.235
  5 28 28 43.47 49.42 50.62 20752 0.00 0.00 0.00     0 41.11 48.73 49.48  6952     0 2.232
  5 28 28 43.47 49.42 50.62 20752 0.00 0.00 0.00     0 41.11 48.73 49.48  6952     0 2.762
  5 28 28 43.47 49.42 50.62 20840 0.00 0.00 0.00     0 41.11 48.73 49.48  6948     0 2.272
  5 28 28 43.47 49.42 50.62 20824 0.00 0.00 0.00     0 41.11 48.73 49.48  6945     0 2.269
  5 28 28 43.47 49.42 50.62 20824 0.00 0.00 0.00     0 41.11 48.73 49.48  6945     0 2.166
  5 28 28 43.47 49.42 50.62 21216 0.00 0.00 0.00     0 41.11 48.73 49.48  7033     0 2.211
  5 28 28 43.47 49.42 50.62 21616 0.00 0.00 0.00     0 41.11 48.73 49.48  7108     0 2.248
  5 28 28 43.47 49.42 50.62 22688 0.00 0.00 0.00     0 41.11 48.73 49.48  7251     0 2.212
  5 28 28 43.47 49.42 50.62 20752 0.00 0.00 0.00     0 41.11 48.73 49.48  6952     0 2.254
  5 28 28 43.47 49.42 50.62 22240 0.00 0.00 0.00     0 41.11 48.73 49.48  7190     0 2.470
  5 28 28 43.47 49.42 50.62 21832 0.00 0.00 0.00     0 41.11 48.73 49.48  7099     0 2.183
  5 28 28 43.47 49.42 50.62 21832 0.00 0.00 0.00     0 41.11 48.73 49.48  7099     0 2.215
  5 28 28 43.47 49.42 50.62 21840 0.00 0.00 0.00     0 41.11 48.73 49.48  7118     0 2.192
  5 28 28 43.47 49.42 50.62 20824 0.00 0.00 0.00     0 41.11 48.73 49.48  6880     0 2.266
  5 28 28 43.47 49.42 50.62 21840 0.00 0.00 0.00     0 41.11 48.73 49.48  7168     0 2.183
  5 28 28 43.47 49.42 50.62 21736 0.00 0.00 0.00     0 41.11 48.73 49.48  7148     0 2.188
  5 28 28 43.47 49.42 50.62 20752 0.00 0.00 0.00     0 41.11 48.73 49.48  6952     0 2.663
  5 28 28 43.47 49.42 50.62 21216 0.00 0.00 0.00     0 41.11 48.73 49.48  6969     0 2.203
  5 28 28 43.47 49.42 50.62 20824 0.00 0.00 0.00     0 41.11 48.73 49.48  6880     0 2.256
  5 28 28 43.47 49.42 50.62 20824 0.00 0.00 0.00     0 41.11 48.73 49.48  6945     0 2.247
  5 28 28 43.47 49.42 50.62 21616 0.00 0.00 0.00     0 41.11 48.73 49.48  7056     0 2.243
  5 28 28 43.47 49.42 50.62 20752 0.00 0.00 0.00     0 41.11 48.73 49.48  6952     0 2.188
  5 28 28 43.47 49.42 50.62 20752 0.00 0.00 0.00     0 41.11 48.73 49.48  6952     0 2.212
  5 28 28 43.47 49.42 50.62 21152 0.00 0.00 0.00     0 41.11 48.73 49.48  7038     0 2.496
  5 28 28 43.47 49.42 50.62 21536 0.00 0.00 0.00     0 41.11 48.73 49.48  7120     0 2.232
  5 28 28 43.47 49.42 50.62 20752 0.00 0.00 0.00     0 41.11 48.73 49.48  6878     0 2.193
  5 28 28 43.47 49.42 50.62 20752 0.00 0.00 0.00     0 41.11 48.73 49.48  6929     0 2.256
  5 28 28 43.47 49.42 50.62 20752 0.00 0.00 0.00     0 41.11 48.73 49.48  6952     0 2.214
  5 28 28 39.99 47.30 47.29 100064 0.00 0.00 0.00     0 39.99 47.30 47.29 35875     0 0.061
  5 28 28 39.99 47.30 47.29 100480 0.00 0.00 0.00     0 39.99 47.30 47.29 36024     0 0.061
  5 28 28 39.99 47.30 47.29 105112 0.00 0.00 0.00     0 39.99 47.30 47.29 37697     0 0.060
  5 28 28 39.99 47.30 47.29 100480 0.00 0.00 0.00     0 39.99 47.30 47.29 36024     0 0.061
  5 28 28 39.99 47.30 47.29 100064 0.00 0.00 0.00     0 39.99 47.30 47.29 35875     0 0.067
  5 28 28 39.99 47.30 47.29 100064 0.00 0.00 0.00     0 39.99 47.30 47.29 35875     0 0.068
  5 28 28 39.99 47.30 47.29 100064 0.00 0.00 0.00     0 39.99 47.30 47.29 35875     0 0.064
  5 28 28 39.99 47.30 47.29 100064 0.00 0.00 0.00     0 39.99 47.30 47.29 35875     0 0.065
  5 28 28 39.99 47.30 47.29 100064 0.00 0.00 0.00     0 39.99 47.30 47.29 35875     0 0.065
  5 28 28 39.99 47.30 47.29 101680 0.00 0.00 0.00     0 39.99 47.30 47.29 36451     0 0.304
  5 28 28 39.99 47.30 47.29 101680 0.00 0.00 0.00     0 39.99 47.30 47.29 36451     0 0.296
  5 28 28 39.99 47.30 47.29 101328 0.00 0.00 0.00     0 39.99 47.30 47.29 36323     0 0.158
  5 28 28 39.99 47.30 47.29 100064 0.00 0.00 0.00     0 39.99 47.30 47.29 35875     0 0.307
  5 28 28 39.99 47.30 47.29 101328 0.00 0.00 0.00     0 39.99 47.30 47.29 36323     0 0.318
  5 28 28 39.99 47.30 47.29 101680 0.00 0.00 0.00     0 39.99 47.30 47.29 36451     0 0.307
  5 28 28 39.99 47.30 47.29 102104 0.00 0.00 0.00     0 39.99 47.30 47.29 36603     0 0.300
  5 28 28 39.99 47.30 47.29 101680 0.00 0.00 0.00     0 39.99 47.30 47.29 36451     0 0.325
  5 28 28 39.99 47.30 47.29 101680 0.00 0.00 0.00     0 39.99 47.30 47.29 36451     0 0.166
  5 28 28 39.99 47.30 47.29 101680 0.00 0.00 0.00     0 39.99 47.30 47.29 36451     0 0.298
  5 28 28 39.99 47.30 47.29 101680 0.00 0.00 0.00     0 39.99 47.30 47.29 36451     0 0.305
  5 28 28 39.99 47.30 47.29 101328 0.00 0.00 0.00     0 39.99 47.30 47.29 36323     0 0.330
  5 28 28 39.99 47.30 47.29 100064 0.00 0.00 0.00     0 39.99 47.30 47.29 35875     0 0.320
  5 28 28 39.99 47.30 47.29 101680 0.00 0.00 0.00     0 39.99 47.30 47.29 36451     0 0.079
  6 28 28 41.27 48.30 48.71 41264 0.00 0.00 0.00     0 40.61 48.34 48.56 12729     0 6.064
  6 28 28 41.27 48.30 48.71 41392 0.00 0.00 0.00     0 40.61 48.34 48.56 12758     0 3.415
  6 28 28 41.27 48.30 48.71 41264 0.00 0.00 0.00     0 40.61 48.34 48.56 12729     0 5.149
  5 28 28 39.99 47.30 47.29 101696 0.00 0.00 0.00     0 39.99 47.30 47.29 36457     0 0.330
  5 28 28 39.99 47.30 47.29 101680 0.00 0.00 0.00     0 39.99 47.30 47.29 36451     0 0.286
  5 28 28 39.99 47.30 47.29 100064 0.00 0.00 0.00     0 39.99 47.30 47.29 35875     0 0.346
  5 28 28 39.99 47.30 47.29 101680 0.00 0.00 0.00     0 39.99 47.30 47.29 36451     0 0.352
  5 28 28 39.99 47.30 47.29 100480 0.00 0.00 0.00     0 39.99 47.30 47.29 36024     0 0.358
  5 28 28 39.99 47.30 47.29 101680 0.00 0.00 0.00     0 39.99 47.30 47.29 36451     0 0.326
  5 28 28 39.99 47.30 47.29 101680 0.00 0.00 0.00     0 39.99 47.30 47.29 36451     0 0.291
  5 28 28 39.99 47.30 47.29 100064 0.00 0.00 0.00     0 39.99 47.30 47.29 35875     0 0.272
  5 28 28 39.99 47.30 47.29 101680 0.00 0.00 0.00     0 39.99 47.30 47.29 36451     0 0.314
  5 28 28 39.99 47.30 47.29 101680 0.00 0.00 0.00     0 39.99 47.30 47.29 36451     0 0.056
  5 28 28 39.99 47.30 47.29 100064 0.00 0.00 0.00     0 39.99 47.30 47.29 35875     0 1.875
  5 28 28 39.99 47.30 47.29 104528 0.00 0.00 0.00     0 39.99 47.30 47.29 37465     0 0.119
